56	99	4.5249e+11	4.5251e+11
56	104	2.203e+11	2.2034e+11
56	104	2.3036e+11	2.3039e+11
56	104	3.1308e+11	3.1311e+11
56	104	4.5601e+11	4.5604e+11
56	104	6.7292e+11	6.7294e+11
56	104	6.7307e+11	6.7311e+11
56	104	6.7728e+11	6.773e+11
56	105	1.2887e+11	1.2889e+11
56	105	1.3053e+11	1.3055e+11
56	105	1.3284e+11	1.3286e+11
56	107	1.8651e+11	1.8656e+11
56	256	1.925e+11	1.9253e+11
56	256	4.1687e+11	4.1689e+11
56	257	3.1357e+11	3.1359e+11
56	258	2.2236e+11	2.2238e+11
56	258	5.7521e+11	5.7524e+11
56	261	2.3008e+11	2.3038e+11
56	261	3.1233e+11	3.1235e+11
56	261	3.1308e+11	3.131e+11
56	264	2.1694e+11	2.1698e+11
56	265	1.2677e+11	1.2679e+11
56	265	1.2999e+11	1.3002e+11
56	265	4.2324e+11	4.2326e+11
56	280	3.462e+11	3.4622e+11
56	280	3.4625e+11	3.4627e+11
56	280	6.7159e+11	6.7161e+11
56	290	1.2981e+11	1.2983e+11
56	290	3.8144e+11	3.8147e+11
56	290	4.5249e+11	4.5251e+11
56	292	2.2941e+11	2.301e+11
56	292	2.3036e+11	2.3038e+11
56	292	3.2625e+11	3.2627e+11
56	292	3.4227e+11	3.4229e+11
56	292	3.4542e+11	3.4545e+11
56	292	3.4567e+11	3.4569e+11
56	292	3.462e+11	3.4628e+11
82	99	6.8028e+11	6.8031e+11
82	104	1.5734e+11	1.5737e+11
82	107	1.6256e+11	1.6261e+11
82	253	1.5284e+11	1.5287e+11
82	253	1.5295e+11	1.5298e+11
82	253	1.53e+11	1.5304e+11
82	258	1.3126e+11	1.3128e+11
82	258	4.5625e+11	4.5628e+11
82	265	1.5467e+11	1.5469e+11
82	265	1.5617e+11	1.562e+11
82	265	3.8114e+11	3.8116e+11
82	265	5.5102e+11	5.5105e+11
82	269	7.7587e+11	7.759e+11
82	273	2.2589e+11	2.2591e+11
82	278	2.285e+11	2.2852e+11
82	278	3.2566e+11	3.2568e+11
82	278	5.6982e+11	5.6985e+11
82	281	1.1985e+11	1.1987e+11
82	281	1.5965e+11	1.5968e+11
82	281	3.7973e+11	3.7978e+11
82	290	4.5244e+11	4.5247e+11
82	292	3.7978e+11	3.798e+11
99	101	1.0002e+11	1.0004e+11
99	105	2.2502e+11	2.2507e+11
99	105	2.2508e+11	2.2514e+11
99	105	2.2538e+11	2.254e+11
99	106	1.8559e+11	1.8561e+11
99	109	2.2655e+11	2.267e+11
99	109	2.2673e+11	2.2676e+11
99	251	3.5754e+11	3.5756e+11
99	258	1.5941e+11	1.5944e+11
99	258	5.4107e+11	5.411e+11
99	264	2.3029e+11	2.3031e+11
99	265	9.8474e+10	9.8559e+10
99	265	2.3029e+11	2.3031e+11
99	265	4.5247e+11	4.525e+11
99	280	9.5672e+10	9.5695e+10
99	290	1.9359e+11	1.9364e+11
99	290	4.5247e+11	4.5251e+11
99	292	1.9086e+11	1.9088e+11
99	292	1.9093e+11	1.9097e+11
99	293	1.9084e+11	1.9097e+11
99	294	6.7419e+11	6.7422e+11
101	105	1.549e+11	1.55e+11
101	105	1.5507e+11	1.5509e+11
101	106	7.7282e+11	7.7284e+11
101	251	3.8257e+11	3.826e+11
101	253	1.9383e+11	1.9385e+11
101	258	1.5351e+11	1.5354e+11
101	258	1.9502e+11	1.9506e+11
101	265	9.9732e+10	9.9771e+10
101	265	6.7542e+11	6.7544e+11
101	278	1.5592e+11	1.5595e+11
101	281	1.8937e+11	1.8939e+11
101	290	1.9416e+11	1.9418e+11
101	294	7.7255e+11	7.7261e+11
101	294	7.7275e+11	7.7279e+11
101	294	7.7282e+11	7.7284e+11
101	294	7.734e+11	7.7342e+11
104	105	1.5642e+11	1.5644e+11
104	105	3.4227e+11	3.423e+11
104	107	1.6407e+11	1.6411e+11
104	109	1.554e+11	1.5543e+11
104	258	2.2586e+11	2.2589e+11
104	261	2.3036e+11	2.3039e+11
104	261	3.1307e+11	3.1311e+11
104	261	3.1356e+11	3.1358e+11
104	264	1.5619e+11	1.5641e+11
104	264	2.1838e+11	2.184e+11
104	264	2.2768e+11	2.2771e+11
104	264	2.3036e+11	2.3038e+11
104	265	6.7998e+11	6.8e+11
104	267	4.5601e+11	4.5604e+11
104	280	4.5601e+11	4.5604e+11
104	281	1.6004e+11	1.6007e+11
104	281	3.2201e+11	3.2203e+11
104	281	6.7168e+11	6.7171e+11
104	292	2.3036e+11	2.3038e+11
104	292	3.2556e+11	3.2558e+11
104	293	4.5601e+11	4.5604e+11
105	251	1.9355e+11	1.9365e+11
105	251	1.9451e+11	1.9455e+11
105	251	3.4621e+11	3.4623e+11
105	251	7.7143e+11	7.7145e+11
105	261	3.1048e+11	3.1051e+11
105	261	3.2655e+11	3.2657e+11
105	261	3.2941e+11	3.2943e+11
105	261	3.4227e+11	3.423e+11
105	261	3.4621e+11	3.4624e+11
105	261	7.7144e+11	7.7147e+11
105	264	1.214e+11	1.2142e+11
105	264	1.5584e+11	1.5587e+11
105	264	1.5667e+11	1.5669e+11
105	264	1.5671e+11	1.5673e+11
105	264	1.5678e+11	1.568e+11
105	264	1.903e+11	1.9034e+11
105	264	1.9035e+11	1.9037e+11
105	264	1.9107e+11	1.9109e+11
105	264	2.2031e+11	2.2034e+11
105	264	2.2087e+11	2.2089e+11
105	264	2.3036e+11	2.3038e+11
105	265	9.4118e+10	9.4146e+10
105	265	9.4773e+10	9.4795e+10
105	265	9.8902e+10	9.896e+10
105	265	1.5606e+11	1.5608e+11
105	265	3.1026e+11	3.1028e+11
105	265	3.1308e+11	3.1313e+11
105	265	3.2519e+11	3.2521e+11
105	265	3.2941e+11	3.2943e+11
105	265	3.4621e+11	3.4623e+11
105	265	3.4626e+11	3.4629e+11
105	272	3.4382e+11	3.4384e+11
105	272	3.4626e+11	3.4628e+11
105	281	9.3721e+10	9.3749e+10
105	281	9.5997e+10	9.6038e+10
105	281	1.2124e+11	1.2127e+11
105	281	1.2129e+11	1.2133e+11
105	281	1.255e+11	1.2552e+11
105	281	1.2618e+11	1.262e+11
105	281	1.2745e+11	1.2747e+11
105	281	1.5561e+11	1.5566e+11
105	281	1.5585e+11	1.5589e+11
105	281	1.5874e+11	1.5876e+11
105	281	1.5949e+11	1.5956e+11
105	281	1.8913e+11	1.8915e+11
105	281	1.9047e+11	1.9049e+11
105	281	2.202e+11	2.2026e+11
105	281	2.2038e+11	2.204e+11
105	281	2.2079e+11	2.2081e+11
105	281	2.2282e+11	2.2285e+11
105	281	2.2348e+11	2.235e+11
105	281	2.2394e+11	2.2404e+11
105	281	2.241e+11	2.2414e+11
105	281	2.2429e+11	2.2431e+11
105	281	3.4833e+11	3.4842e+11
105	281	3.4844e+11	3.4846e+11
105	281	6.7153e+11	6.7158e+11
105	281	6.7363e+11	6.7367e+11
105	285	1.5911e+11	1.5916e+11
105	285	1.5952e+11	1.5954e+11
105	292	1.9053e+11	1.9059e+11
105	292	2.3035e+11	2.3038e+11
105	292	3.1638e+11	3.164e+11
105	292	3.2204e+11	3.2206e+11
105	292	3.231e+11	3.2312e+11
105	292	3.2332e+11	3.2334e+11
105	293	1.9104e+11	1.9106e+11
105	294	8.0307e+11	8.031e+11
105	294	8.0312e+11	8.0314e+11
105	294	8.0459e+11	8.0461e+11
106	109	1.3011e+11	1.3013e+11
106	251	1.5566e+11	1.5568e+11
106	261	8.0961e+11	8.0963e+11
106	265	1.6078e+11	1.6081e+11
106	265	1.6133e+11	1.6135e+11
106	266	1.2395e+11	1.2397e+11
106	273	1.8679e+11	1.8682e+11
106	273	1.8687e+11	1.8697e+11
106	273	1.8703e+11	1.8707e+11
106	276	1.6169e+11	1.6171e+11
106	276	1.8873e+11	1.8878e+11
106	276	1.8886e+11	1.8889e+11
106	276	1.8891e+11	1.8893e+11
106	276	2.2394e+11	2.2397e+11
106	288	1.5291e+11	1.5294e+11
106	294	1.5297e+11	1.5299e+11
106	294	7.7344e+11	7.7346e+11
107	251	1.6308e+11	1.6314e+11
107	251	1.6328e+11	1.633e+11
107	251	1.6362e+11	1.6364e+11
107	251	1.6366e+11	1.637e+11
107	251	1.6379e+11	1.6383e+11
107	251	1.6398e+11	1.64e+11
107	258	1.6269e+11	1.6272e+11
107	264	9.4387e+10	9.4409e+10
107	280	1.8417e+11	1.8419e+11
107	281	1.8656e+11	1.8658e+11
107	294	9.4274e+10	9.4306e+10
108	109	5.3698e+11	5.37e+11
108	109	5.3871e+11	5.3873e+11
108	263	3.1049e+11	3.1051e+11
108	266	2.1583e+11	2.1585e+11
108	268	2.2731e+11	2.2734e+11
108	268	3.1371e+11	3.1373e+11
108	272	2.232e+11	2.2323e+11
108	280	3.4564e+11	3.4566e+11
108	280	3.4621e+11	3.4623e+11
108	280	3.4625e+11	3.4627e+11
108	280	3.4723e+11	3.4725e+11
108	280	4.5153e+11	4.5155e+11
108	280	4.5247e+11	4.5249e+11
108	280	4.5254e+11	4.5256e+11
108	280	4.5289e+11	4.5292e+11
108	280	4.5294e+11	4.5296e+11
108	280	4.533e+11	4.5332e+11
108	280	4.5335e+11	4.5337e+11
108	280	4.5353e+11	4.5355e+11
108	280	4.5418e+11	4.542e+11
108	280	4.5451e+11	4.5454e+11
108	280	4.546e+11	4.5463e+11
108	280	4.5501e+11	4.5503e+11
108	280	4.551e+11	4.5512e+11
108	280	4.5523e+11	4.5526e+11
108	280	4.5537e+11	4.5539e+11
108	280	4.5559e+11	4.5561e+11
108	280	4.557e+11	4.5573e+11
108	280	4.5664e+11	4.5667e+11
108	280	5.4043e+11	5.4046e+11
108	280	5.4051e+11	5.4053e+11
108	280	5.4077e+11	5.408e+11
108	281	2.3303e+11	2.3305e+11
108	290	2.264e+11	2.2642e+11
108	292	4.5358e+11	4.5361e+11
108	292	4.557e+11	4.5573e+11
108	293	3.2002e+11	3.2005e+11
108	293	4.128e+11	4.1282e+11
108	293	5.5176e+11	5.5192e+11
108	293	5.5194e+11	5.5196e+11
108	293	5.5244e+11	5.5246e+11
108	293	5.525e+11	5.5257e+11
108	293	5.5264e+11	5.5365e+11
108	293	5.54e+11	5.5402e+11
108	293	5.5428e+11	5.543e+11
108	293	5.5482e+11	5.5486e+11
108	293	5.5545e+11	5.5549e+11
108	293	5.5884e+11	5.5886e+11
108	293	5.5929e+11	5.5931e+11
108	293	5.6122e+11	5.6125e+11
108	293	5.6223e+11	5.6227e+11
108	293	5.6725e+11	5.6727e+11
108	297	3.1698e+11	3.1701e+11
108	297	3.177e+11	3.1772e+11
108	297	4.1307e+11	4.1311e+11
108	297	4.1892e+11	4.1897e+11
108	297	4.1901e+11	4.1904e+11
108	297	4.1944e+11	4.1946e+11
108	297	4.4724e+11	4.4726e+11
109	253	2.3205e+11	2.3207e+11
109	258	1.6289e+11	1.6291e+11
109	263	1.3017e+11	1.302e+11
109	265	1.3032e+11	1.3034e+11
109	265	2.2675e+11	2.2677e+11
109	267	1.5582e+11	1.5585e+11
109	273	2.1912e+11	2.1915e+11
109	273	2.1937e+11	2.1939e+11
109	276	9.6622e+10	9.6645e+10
109	276	2.2316e+11	2.232e+11
109	280	3.2517e+11	3.252e+11
109	280	4.5664e+11	4.5669e+11
109	281	1.2112e+11	1.2114e+11
109	281	1.2692e+11	1.2694e+11
109	281	1.5366e+11	1.5368e+11
109	281	1.9184e+11	1.9186e+11
109	288	1.3019e+11	1.3021e+11
109	288	1.3026e+11	1.3028e+11
109	288	1.9243e+11	1.9247e+11
109	292	2.1918e+11	2.1925e+11
109	294	1.2694e+11	1.2696e+11
251	257	3.1233e+11	3.1236e+11
251	257	3.1308e+11	3.1311e+11
251	257	3.1422e+11	3.1425e+11
251	257	3.4583e+11	3.4585e+11
251	257	3.4609e+11	3.4611e+11
251	257	3.4621e+11	3.4626e+11
251	261	5.8674e+11	5.8713e+11
251	264	3.2709e+11	3.2712e+11
251	265	2.2843e+11	2.2845e+11
251	265	2.3046e+11	2.3048e+11
251	265	3.4621e+11	3.4623e+11
251	272	3.2709e+11	3.2711e+11
251	272	3.3382e+11	3.3385e+11
251	272	3.4543e+11	3.4545e+11
251	272	3.4598e+11	3.46e+11
251	272	3.462e+11	3.4625e+11
251	280	1.8537e+11	1.8541e+11
251	280	1.9125e+11	1.9131e+11
251	280	1.9201e+11	1.9203e+11
251	281	1.5308e+11	1.531e+11
251	281	1.5519e+11	1.5523e+11
251	292	2.1733e+11	2.1744e+11
251	292	2.1746e+11	2.1749e+11
251	292	2.1925e+11	2.1927e+11
251	292	3.8146e+11	3.8151e+11
251	292	3.8312e+11	3.8316e+11
251	292	5.7538e+11	5.7547e+11
251	292	5.7554e+11	5.7556e+11
251	292	5.8234e+11	5.8239e+11
251	292	5.8264e+11	5.8266e+11
251	293	5.7785e+11	5.7787e+11
251	294	1.5364e+11	1.5367e+11
251	294	3.8008e+11	3.801e+11
251	294	3.8118e+11	3.812e+11
251	294	3.8127e+11	3.8129e+11
253	268	2.3043e+11	2.3045e+11
253	278	3.4226e+11	3.4229e+11
253	278	3.4422e+11	3.4424e+11
253	278	3.4538e+11	3.454e+11
253	285	2.3094e+11	2.3096e+11
253	290	3.2145e+11	3.2147e+11
253	293	2.309e+11	2.3092e+11
256	290	6.6801e+11	6.6804e+11
256	292	4.0996e+11	4.0998e+11
256	292	4.1001e+11	4.1005e+11
256	292	4.1382e+11	4.1386e+11
256	292	4.1388e+11	4.139e+11
256	292	4.1427e+11	4.143e+11
257	265	5.3782e+11	5.3784e+11
257	265	5.3871e+11	5.3873e+11
257	265	5.4023e+11	5.4025e+11
257	272	3.142e+11	3.1422e+11
257	272	3.1477e+11	3.1479e+11
257	272	3.2625e+11	3.2628e+11
257	272	3.2709e+11	3.2712e+11
257	272	3.4227e+11	3.4229e+11
257	272	3.446e+11	3.4462e+11
257	272	3.4537e+11	3.454e+11
257	272	3.4582e+11	3.4585e+11
257	272	3.4621e+11	3.4624e+11
258	265	1.8764e+11	1.8766e+11
258	265	4.178e+11	4.1783e+11
258	267	9.5076e+10	9.5099e+10
258	267	9.6127e+10	9.6184e+10
258	267	9.6218e+10	9.6241e+10
258	267	1.2731e+11	1.2733e+11
258	267	1.2756e+11	1.2758e+11
258	267	1.276e+11	1.2763e+11
258	267	1.937e+11	1.9372e+11
258	273	3.2043e+11	3.2045e+11
258	278	2.285e+11	2.2852e+11
258	278	2.303e+11	2.3032e+11
258	278	2.3043e+11	2.3045e+11
258	278	4.5407e+11	4.5444e+11
258	278	4.5447e+11	4.5499e+11
258	278	4.5504e+11	4.5554e+11
258	278	4.5558e+11	4.5751e+11
258	278	5.372e+11	5.3723e+11
258	278	5.3782e+11	5.3786e+11
258	278	5.3791e+11	5.3825e+11
258	278	5.3827e+11	5.3829e+11
258	278	5.3831e+11	5.3867e+11
258	278	5.3871e+11	5.3874e+11
258	278	5.3973e+11	5.3995e+11
258	278	5.4023e+11	5.4029e+11
258	278	5.404e+11	5.4047e+11
258	278	5.4077e+11	5.408e+11
258	278	5.5341e+11	5.5343e+11
258	280	1.8433e+11	1.8439e+11
258	280	3.1764e+11	3.1766e+11
258	280	4.0936e+11	4.0938e+11
258	280	6.3725e+11	6.3731e+11
258	280	6.6959e+11	6.6963e+11
258	280	6.7833e+11	6.7835e+11
258	280	7.715e+11	7.7153e+11
258	290	1.2581e+11	1.2583e+11
258	290	1.513e+11	1.5137e+11
258	290	1.5146e+11	1.5151e+11
258	290	1.5167e+11	1.5175e+11
258	290	1.9187e+11	1.9189e+11
258	290	1.9416e+11	1.9418e+11
258	290	3.5463e+11	3.5467e+11
258	290	4.1468e+11	4.1472e+11
258	290	4.4153e+11	4.416e+11
258	290	4.4978e+11	4.4982e+11
258	290	5.8131e+11	5.8133e+11
258	290	5.8135e+11	5.814e+11
258	290	6.1431e+11	6.1455e+11
258	290	6.3763e+11	6.3771e+11
258	290	6.4383e+11	6.4386e+11
258	290	6.6839e+11	6.6841e+11
258	290	6.7732e+11	6.7734e+11
258	290	6.774e+11	6.7742e+11
258	290	6.7834e+11	6.7837e+11
258	290	7.6545e+11	7.655e+11
258	290	7.6552e+11	7.6554e+11
258	292	3.1233e+11	3.1236e+11
258	292	5.7888e+11	5.79e+11
258	292	5.7933e+11	5.7938e+11
258	292	5.7949e+11	5.7954e+11
258	294	1.5281e+11	1.5283e+11
258	294	3.497e+11	3.4972e+11
258	294	5.7682e+11	5.7686e+11
261	263	2.3036e+11	2.3039e+11
261	264	2.3036e+11	2.3039e+11
261	265	2.3036e+11	2.3038e+11
261	265	5.4077e+11	5.408e+11
261	266	1.9892e+11	1.9895e+11
261	266	2.2938e+11	2.3038e+11
261	280	3.1029e+11	3.1032e+11
261	292	2.3093e+11	2.3096e+11
261	292	3.1246e+11	3.1248e+11
261	292	3.1307e+11	3.1309e+11
261	292	3.1578e+11	3.158e+11
261	292	3.4383e+11	3.4385e+11
261	292	3.462e+11	3.4623e+11
263	268	4.1615e+11	4.1617e+11
263	268	4.1625e+11	4.1627e+11
263	280	3.4726e+11	3.4728e+11
263	281	2.3303e+11	2.3305e+11
263	285	5.4595e+11	5.4598e+11
263	288	1.5448e+11	1.5452e+11
263	288	1.9279e+11	1.9283e+11
263	292	3.4567e+11	3.4569e+11
263	292	3.4628e+11	3.463e+11
263	292	3.4722e+11	3.4856e+11
263	292	3.4879e+11	3.5138e+11
263	293	3.2486e+11	3.2488e+11
263	293	3.2501e+11	3.2504e+11
263	293	4.1612e+11	4.1615e+11
263	293	4.5601e+11	4.5606e+11
263	293	4.5627e+11	4.5632e+11
263	293	4.5648e+11	4.565e+11
263	293	4.5652e+11	4.5654e+11
263	293	4.5668e+11	4.567e+11
263	293	4.5701e+11	4.5704e+11
263	293	4.5722e+11	4.5725e+11
263	293	4.5745e+11	4.5749e+11
263	293	4.5757e+11	4.5762e+11
263	293	4.5771e+11	4.5773e+11
263	293	4.5782e+11	4.5785e+11
263	293	4.5797e+11	4.5803e+11
263	293	4.5804e+11	4.5807e+11
263	293	4.5808e+11	4.5816e+11
263	293	4.5822e+11	4.5836e+11
263	293	4.5838e+11	4.5843e+11
263	293	4.5849e+11	4.5854e+11
263	293	4.5861e+11	4.587e+11
263	293	4.5872e+11	4.5885e+11
263	293	4.5891e+11	4.5897e+11
263	293	4.5899e+11	4.5901e+11
263	293	4.5904e+11	4.5915e+11
263	293	4.5917e+11	4.5919e+11
263	293	4.5923e+11	4.5928e+11
263	293	4.5989e+11	4.6002e+11
263	293	4.6004e+11	4.6007e+11
263	293	4.6009e+11	4.604e+11
263	293	4.6043e+11	4.6072e+11
263	293	4.6076e+11	4.6088e+11
263	293	4.6091e+11	4.6095e+11
263	293	4.6099e+11	4.6103e+11
263	293	4.6118e+11	4.6122e+11
263	293	4.6126e+11	4.6128e+11
263	293	4.6132e+11	4.6135e+11
263	293	4.6137e+11	4.6144e+11
263	293	4.6146e+11	4.6151e+11
263	293	4.6153e+11	4.6155e+11
263	293	4.6158e+11	4.618e+11
263	293	4.6184e+11	4.6191e+11
263	293	4.6195e+11	4.6202e+11
263	293	4.6205e+11	4.6207e+11
263	293	4.6209e+11	4.6214e+11
263	293	4.6216e+11	4.6225e+11
263	293	4.623e+11	4.6234e+11
263	293	4.6236e+11	4.6238e+11
263	293	4.6241e+11	4.6247e+11
263	293	4.6249e+11	4.6258e+11
263	293	4.6261e+11	4.6267e+11
263	293	4.627e+11	4.6328e+11
263	293	4.633e+11	4.6392e+11
263	293	4.6396e+11	4.6398e+11
263	293	4.6412e+11	4.6459e+11
263	293	4.6461e+11	4.6488e+11
263	293	4.649e+11	4.661e+11
263	293	4.6611e+11	4.6619e+11
263	293	4.662e+11	4.6709e+11
263	293	4.6738e+11	4.6762e+11
263	293	4.6764e+11	4.6774e+11
263	293	4.6775e+11	4.678e+11
263	293	4.6782e+11	4.6972e+11
263	293	4.698e+11	4.6994e+11
263	293	4.6995e+11	4.7034e+11
263	293	4.7036e+11	4.7111e+11
263	293	4.7113e+11	4.7149e+11
263	293	4.715e+11	4.7164e+11
263	293	4.7166e+11	4.7193e+11
263	293	4.7195e+11	4.7253e+11
263	293	4.726e+11	4.7281e+11
263	293	4.7295e+11	4.7298e+11
263	293	4.7299e+11	4.7302e+11
263	293	4.731e+11	4.7312e+11
263	293	4.7315e+11	4.7326e+11
263	293	4.7327e+11	4.7333e+11
263	293	4.7336e+11	4.7344e+11
263	293	4.7346e+11	4.7376e+11
263	293	4.7377e+11	4.7411e+11
263	293	4.7412e+11	4.7441e+11
263	293	4.7442e+11	4.7544e+11
263	293	4.7546e+11	4.7568e+11
263	293	4.757e+11	4.7582e+11
263	293	4.7609e+11	4.7845e+11
263	293	4.7849e+11	4.7916e+11
263	293	4.7918e+11	4.7975e+11
263	293	4.7997e+11	4.8256e+11
263	293	4.8265e+11	4.8299e+11
263	293	4.8341e+11	4.8344e+11
263	293	4.8347e+11	4.8463e+11
263	293	4.8465e+11	4.8564e+11
263	293	4.8569e+11	4.8584e+11
263	293	4.8586e+11	4.8589e+11
263	293	4.86e+11	4.8602e+11
263	293	4.8604e+11	4.8607e+11
263	293	4.862e+11	4.8623e+11
263	293	4.8625e+11	4.875e+11
263	293	4.8752e+11	4.8782e+11
263	293	4.8784e+11	4.8809e+11
263	293	4.881e+11	4.8818e+11
263	293	4.8832e+11	4.8856e+11
263	293	4.8857e+11	4.8946e+11
263	293	4.8947e+11	4.9034e+11
263	293	4.9035e+11	4.9043e+11
263	293	4.9044e+11	4.9063e+11
263	293	4.9064e+11	4.9069e+11
263	293	4.9071e+11	4.9078e+11
263	293	4.908e+11	4.9085e+11
263	293	4.9123e+11	4.9126e+11
263	293	4.9128e+11	4.9246e+11
263	293	4.9249e+11	4.9305e+11
263	293	4.9308e+11	4.9345e+11
263	293	4.9348e+11	4.9379e+11
263	293	4.9381e+11	4.9415e+11
263	293	4.9418e+11	4.9424e+11
263	293	4.9426e+11	4.9428e+11
263	293	4.9432e+11	4.948e+11
263	293	4.9481e+11	4.949e+11
263	293	4.952e+11	4.9528e+11
263	293	4.9529e+11	4.9532e+11
263	293	4.9535e+11	4.9554e+11
263	293	4.9556e+11	4.9568e+11
263	293	4.957e+11	4.9615e+11
263	293	4.9617e+11	4.9624e+11
263	293	4.9626e+11	4.9672e+11
263	293	4.9673e+11	4.9746e+11
263	293	4.9747e+11	4.9752e+11
263	293	4.9754e+11	4.9788e+11
263	293	4.9828e+11	4.986e+11
263	293	4.9862e+11	4.9919e+11
263	293	4.992e+11	4.9952e+11
263	293	4.9954e+11	4.9968e+11
263	293	4.9979e+11	5.0058e+11
263	293	5.0059e+11	5.0094e+11
263	293	5.0095e+11	5.0112e+11
263	293	5.0113e+11	5.0134e+11
263	293	5.0136e+11	5.0181e+11
263	293	5.0183e+11	5.0186e+11
263	293	5.0187e+11	5.0206e+11
263	293	5.0207e+11	5.0253e+11
263	293	5.0257e+11	5.0265e+11
263	293	5.0266e+11	5.0286e+11
263	293	5.0289e+11	5.0291e+11
263	293	5.0293e+11	5.0323e+11
263	293	5.0324e+11	5.0405e+11
263	293	5.0407e+11	5.0662e+11
263	293	5.0686e+11	5.0907e+11
263	293	5.0926e+11	5.0929e+11
263	293	5.0933e+11	5.1082e+11
263	293	5.1084e+11	5.1161e+11
263	293	5.1187e+11	5.1309e+11
263	293	5.1311e+11	5.1315e+11
263	293	5.1317e+11	5.1372e+11
263	293	5.1377e+11	5.1379e+11
263	293	5.1381e+11	5.1383e+11
263	293	5.1385e+11	5.1455e+11
263	293	5.1457e+11	5.1576e+11
263	293	5.1599e+11	5.1727e+11
263	293	5.1729e+11	5.1756e+11
263	293	5.1758e+11	5.179e+11
263	293	5.1798e+11	5.1804e+11
263	293	5.1806e+11	5.1905e+11
263	293	5.1906e+11	5.194e+11
263	293	5.1942e+11	5.199e+11
263	293	5.1994e+11	5.201e+11
263	293	5.2026e+11	5.2122e+11
263	293	5.2124e+11	5.2221e+11
263	293	5.2253e+11	5.2392e+11
263	293	5.2417e+11	5.2459e+11
263	293	5.2461e+11	5.2507e+11
263	293	5.2508e+11	5.2538e+11
263	293	5.2542e+11	5.2805e+11
263	293	5.2807e+11	5.2809e+11
263	293	5.2838e+11	5.2848e+11
263	293	5.285e+11	5.2894e+11
263	293	5.2897e+11	5.2992e+11
263	293	5.2993e+11	5.3061e+11
263	293	5.307e+11	5.3073e+11
263	293	5.3074e+11	5.3129e+11
263	293	5.3131e+11	5.3224e+11
263	293	5.3226e+11	5.3258e+11
263	293	5.3265e+11	5.3277e+11
263	293	5.3279e+11	5.3294e+11
263	293	5.3301e+11	5.3306e+11
263	293	5.3333e+11	5.3367e+11
263	293	5.3368e+11	5.3446e+11
263	293	5.3448e+11	5.349e+11
263	293	5.3501e+11	5.3591e+11
263	293	5.3593e+11	5.3645e+11
263	293	5.3659e+11	5.373e+11
263	293	5.3732e+11	5.3735e+11
263	293	5.3736e+11	5.3739e+11
263	293	5.3743e+11	5.3748e+11
263	293	5.3756e+11	5.3762e+11
263	293	5.3769e+11	5.3773e+11
263	293	5.3776e+11	5.3781e+11
263	293	5.3784e+11	5.3789e+11
263	293	5.3792e+11	5.3804e+11
263	293	5.3808e+11	5.3827e+11
263	293	5.3828e+11	5.3833e+11
263	293	5.3837e+11	5.3849e+11
263	293	5.3851e+11	5.3856e+11
263	293	5.3861e+11	5.3867e+11
263	293	5.3871e+11	5.3873e+11
263	293	5.5251e+11	5.5253e+11
263	297	3.2467e+11	3.247e+11
263	297	3.2481e+11	3.2489e+11
263	297	4.1604e+11	4.1612e+11
263	297	4.1615e+11	4.1617e+11
263	297	4.1623e+11	4.1628e+11
264	265	9.4211e+10	9.4251e+10
264	265	3.1699e+11	3.1701e+11
264	265	3.1713e+11	3.1716e+11
264	265	3.1718e+11	3.1722e+11
264	265	3.1724e+11	3.173e+11
264	265	3.1733e+11	3.1735e+11
264	265	3.1749e+11	3.1754e+11
264	265	3.2515e+11	3.2517e+11
264	265	3.2519e+11	3.2559e+11
264	265	3.2569e+11	3.2586e+11
264	265	3.2607e+11	3.2609e+11
264	265	3.2709e+11	3.2712e+11
264	265	3.2747e+11	3.275e+11
264	265	3.2757e+11	3.2759e+11
264	265	3.2784e+11	3.2793e+11
264	265	3.2795e+11	3.28e+11
264	265	3.2802e+11	3.2806e+11
264	265	3.2808e+11	3.281e+11
264	265	3.2812e+11	3.2831e+11
264	265	3.2843e+11	3.2868e+11
264	265	3.2871e+11	3.2898e+11
264	265	3.2907e+11	3.2966e+11
264	265	3.2972e+11	3.303e+11
264	265	3.3039e+11	3.3093e+11
264	265	3.3099e+11	3.3155e+11
264	265	3.3158e+11	3.3161e+11
264	265	3.317e+11	3.3227e+11
264	265	3.3232e+11	3.3284e+11
264	265	3.3289e+11	3.334e+11
264	265	3.3347e+11	3.3405e+11
264	265	3.3412e+11	3.3468e+11
264	265	3.3481e+11	3.3541e+11
264	265	3.3548e+11	3.3618e+11
264	265	3.3625e+11	3.3702e+11
264	265	3.3712e+11	3.3771e+11
264	265	3.3776e+11	3.3831e+11
264	265	3.3838e+11	3.3897e+11
264	265	3.3904e+11	3.3962e+11
264	265	3.3968e+11	3.4026e+11
264	265	3.4032e+11	3.4084e+11
264	265	3.4089e+11	3.4145e+11
264	265	3.4152e+11	3.4208e+11
264	265	3.4214e+11	3.4274e+11
264	265	3.4279e+11	3.4324e+11
264	265	3.4329e+11	3.4376e+11
264	265	3.4382e+11	3.4433e+11
264	265	3.4434e+11	3.4447e+11
264	265	3.4464e+11	3.4471e+11
264	265	3.4506e+11	3.4509e+11
264	265	3.4512e+11	3.4521e+11
264	265	3.4524e+11	3.4527e+11
264	265	3.4541e+11	3.4543e+11
264	265	3.4553e+11	3.4555e+11
264	265	3.4564e+11	3.4571e+11
264	265	3.4575e+11	3.4586e+11
264	265	3.4588e+11	3.4607e+11
264	265	3.4609e+11	3.4613e+11
264	265	3.4618e+11	3.4653e+11
264	265	3.4659e+11	3.4704e+11
264	265	3.4709e+11	3.4723e+11
264	266	2.2842e+11	2.2845e+11
264	266	2.2847e+11	2.2849e+11
264	266	2.2858e+11	2.3013e+11
264	266	2.3031e+11	2.3036e+11
264	266	2.3037e+11	2.3144e+11
264	266	2.3148e+11	2.3158e+11
264	266	2.317e+11	2.3272e+11
264	266	2.328e+11	2.3304e+11
264	267	1.5992e+11	1.5994e+11
264	272	3.2459e+11	3.2461e+11
264	272	3.2465e+11	3.2467e+11
264	278	1.901e+11	1.9012e+11
264	280	9.3405e+10	9.343e+10
264	280	1.6002e+11	1.6006e+11
264	280	1.8501e+11	1.8504e+11
264	280	6.6647e+11	6.6649e+11
264	281	1.1704e+11	1.1706e+11
264	281	1.1765e+11	1.1767e+11
264	281	1.1828e+11	1.1831e+11
264	281	1.4982e+11	1.4985e+11
264	281	1.512e+11	1.5122e+11
264	281	1.5146e+11	1.5148e+11
264	281	1.515e+11	1.5153e+11
264	281	1.5155e+11	1.5173e+11
264	281	1.5529e+11	1.5531e+11
264	281	1.5577e+11	1.558e+11
264	281	1.5582e+11	1.5584e+11
264	281	1.593e+11	1.5934e+11
264	281	1.5936e+11	1.5939e+11
264	281	1.5995e+11	1.5997e+11
264	281	1.6002e+11	1.6004e+11
264	281	1.6007e+11	1.6009e+11
264	281	1.8384e+11	1.8386e+11
264	281	1.8821e+11	1.8824e+11
264	281	1.8847e+11	1.8853e+11
264	281	1.8857e+11	1.8862e+11
264	281	1.8867e+11	1.8873e+11
264	281	1.89e+11	1.8902e+11
264	281	1.8993e+11	1.8995e+11
264	281	1.9168e+11	1.917e+11
264	281	1.9217e+11	1.922e+11
264	281	1.9224e+11	1.9227e+11
264	281	2.153e+11	2.1535e+11
264	281	2.1546e+11	2.1551e+11
264	281	2.1553e+11	2.1555e+11
264	281	2.1559e+11	2.1564e+11
264	281	2.1642e+11	2.1645e+11
264	281	2.1701e+11	2.1703e+11
264	281	2.1854e+11	2.1856e+11
264	281	2.2032e+11	2.2037e+11
264	281	2.2089e+11	2.2096e+11
264	281	2.2103e+11	2.2107e+11
264	281	2.2124e+11	2.2127e+11
264	281	2.2175e+11	2.2177e+11
264	281	2.2413e+11	2.2415e+11
264	281	3.1362e+11	3.1364e+11
264	281	3.1374e+11	3.1379e+11
264	281	3.1381e+11	3.1384e+11
264	281	3.1397e+11	3.1399e+11
264	281	3.14e+11	3.1405e+11
264	281	3.1408e+11	3.141e+11
264	281	3.1411e+11	3.1421e+11
264	281	3.143e+11	3.1432e+11
264	281	3.165e+11	3.1658e+11
264	281	3.1697e+11	3.1707e+11
264	281	3.1719e+11	3.1725e+11
264	281	3.1729e+11	3.1736e+11
264	281	3.1738e+11	3.174e+11
264	281	3.1744e+11	3.1747e+11
264	281	3.1749e+11	3.1751e+11
264	281	3.1753e+11	3.1756e+11
264	290	1.2168e+11	1.2171e+11
264	292	1.8394e+11	1.8398e+11
264	292	1.905e+11	1.9056e+11
264	292	1.9062e+11	1.9071e+11
264	293	3.8888e+11	3.8891e+11
264	293	3.8988e+11	3.8992e+11
264	293	3.9134e+11	3.9136e+11
264	294	1.5053e+11	1.5055e+11
264	294	1.9027e+11	1.9034e+11
265	266	3.1036e+11	3.1038e+11
265	272	2.2902e+11	2.2907e+11
265	272	2.2916e+11	2.299e+11
265	272	2.2998e+11	2.3038e+11
265	272	3.2625e+11	3.2628e+11
265	272	3.2709e+11	3.2712e+11
265	272	3.4621e+11	3.4623e+11
265	273	3.1908e+11	3.1911e+11
265	278	1.5611e+11	1.5614e+11
265	278	1.5617e+11	1.5619e+11
265	280	3.4625e+11	3.4627e+11
265	280	3.4645e+11	3.4654e+11
265	280	3.4719e+11	3.4722e+11
265	281	2.189e+11	2.1893e+11
265	281	3.1742e+11	3.1745e+11
265	290	4.5248e+11	4.525e+11
265	292	3.4626e+11	3.463e+11
265	294	1.55e+11	1.5502e+11
265	294	8.0118e+11	8.012e+11
266	268	9.7182e+10	9.725e+10
266	268	1.263e+11	1.2632e+11
266	268	1.8401e+11	1.8403e+11
266	268	1.8807e+11	1.8809e+11
266	268	1.9151e+11	1.9153e+11
266	268	2.1714e+11	2.1722e+11
266	268	3.8869e+11	3.8871e+11
266	272	2.232e+11	2.2322e+11
266	272	2.2324e+11	2.2327e+11
266	272	3.4378e+11	3.438e+11
266	272	3.4383e+11	3.4385e+11
266	276	9.9535e+10	9.9586e+10
266	276	9.9647e+10	9.9695e+10
266	276	1.2979e+11	1.2984e+11
266	276	1.8451e+11	1.8453e+11
266	276	1.9177e+11	1.9181e+11
266	276	1.934e+11	1.9345e+11
266	276	2.1549e+11	2.1551e+11
266	276	2.1909e+11	2.1911e+11
266	276	2.2044e+11	2.2047e+11
266	276	2.2189e+11	2.2194e+11
266	276	2.2517e+11	2.2519e+11
266	276	2.2802e+11	2.2805e+11
266	276	2.2812e+11	2.2815e+11
266	276	3.5669e+11	3.5671e+11
266	276	3.7864e+11	3.7867e+11
266	288	1.6081e+11	1.6083e+11
266	288	1.8405e+11	1.8409e+11
266	288	1.8492e+11	1.8501e+11
266	288	1.8829e+11	1.8832e+11
266	288	2.2043e+11	2.2045e+11
266	288	2.2205e+11	2.2209e+11
266	288	2.2233e+11	2.2235e+11
266	288	2.2306e+11	2.2309e+11
266	288	2.2423e+11	2.2427e+11
266	292	2.1559e+11	2.1567e+11
266	293	1.8764e+11	1.8769e+11
266	293	1.8773e+11	1.8775e+11
266	293	1.8783e+11	1.8785e+11
266	293	1.8807e+11	1.8809e+11
266	293	2.1723e+11	2.1725e+11
266	293	2.1876e+11	2.1878e+11
266	293	2.2061e+11	2.2063e+11
266	293	2.2439e+11	2.2441e+11
266	293	2.245e+11	2.246e+11
266	293	4.2032e+11	4.2034e+11
266	293	4.2074e+11	4.2077e+11
266	294	1.1971e+11	1.1977e+11
266	294	1.198e+11	1.1982e+11
266	294	1.8998e+11	1.9003e+11
266	297	4.1415e+11	4.1421e+11
267	272	1.279e+11	1.2793e+11
267	278	1.2526e+11	1.2528e+11
267	280	9.5663e+10	9.5691e+10
267	280	1.6095e+11	1.6097e+11
267	280	1.8426e+11	1.8431e+11
267	280	1.8466e+11	1.847e+11
267	281	1.5285e+11	1.5288e+11
267	290	9.6226e+10	9.6248e+10
267	290	1.2011e+11	1.2014e+11
267	290	1.2575e+11	1.2577e+11
267	290	1.5605e+11	1.5607e+11
267	292	1.8444e+11	1.8447e+11
267	294	1.2549e+11	1.2551e+11
268	272	1.6286e+11	1.6296e+11
268	272	2.1733e+11	2.1736e+11
268	272	2.2122e+11	2.2125e+11
268	272	2.2731e+11	2.2734e+11
268	276	1.8701e+11	1.8705e+11
268	280	3.4433e+11	3.4436e+11
268	280	3.4542e+11	3.4544e+11
268	285	5.5176e+11	5.5178e+11
268	285	5.5803e+11	5.5809e+11
268	288	1.2986e+11	1.299e+11
268	288	1.5314e+11	1.5316e+11
268	288	1.5728e+11	1.5733e+11
268	288	1.8399e+11	1.8411e+11
268	288	2.2121e+11	2.2124e+11
268	293	9.5126e+10	9.5158e+10
268	293	3.8935e+11	3.8937e+11
268	293	4.1566e+11	4.1569e+11
268	297	4.1632e+11	4.1634e+11
272	273	1.2789e+11	1.2791e+11
272	273	2.2319e+11	2.2323e+11
272	288	1.5145e+11	1.5147e+11
272	288	1.8327e+11	1.833e+11
272	288	2.1711e+11	2.1713e+11
272	288	2.2413e+11	2.2417e+11
272	292	3.142e+11	3.1422e+11
272	297	3.2685e+11	3.2687e+11
273	281	9.3518e+10	9.3552e+10
273	281	1.2014e+11	1.2016e+11
273	281	1.2127e+11	1.213e+11
273	281	1.2761e+11	1.2764e+11
273	281	3.5268e+11	3.527e+11
273	281	7.9956e+11	7.9958e+11
273	290	5.7453e+11	5.7456e+11
273	294	4.4337e+11	4.434e+11
276	281	1.1895e+11	1.1899e+11
276	281	1.2146e+11	1.2149e+11
276	288	2.1769e+11	2.1772e+11
276	288	2.216e+11	2.2163e+11
276	290	3.2701e+11	3.2704e+11
276	293	3.2131e+11	3.2134e+11
276	294	1.1897e+11	1.1899e+11
276	294	1.2222e+11	1.2224e+11
276	294	3.2111e+11	3.2116e+11
276	297	3.1769e+11	3.1774e+11
278	294	3.1608e+11	3.161e+11
280	281	9.4231e+10	9.4253e+10
280	281	6.6718e+11	6.6727e+11
280	281	6.6732e+11	6.6734e+11
280	285	4.5251e+11	4.5253e+11
280	290	1.5532e+11	1.5535e+11
280	290	1.868e+11	1.8682e+11
280	290	2.264e+11	2.2644e+11
280	290	2.2753e+11	2.2755e+11
280	290	2.2808e+11	2.281e+11
280	290	2.3042e+11	2.3045e+11
280	290	3.8295e+11	3.8298e+11
280	290	3.8304e+11	3.8322e+11
280	290	3.8373e+11	3.8376e+11
280	290	4.4075e+11	4.4078e+11
280	290	4.4479e+11	4.4482e+11
280	290	6.3724e+11	6.3726e+11
280	292	4.5254e+11	4.5256e+11
280	292	4.546e+11	4.5463e+11
280	293	3.4434e+11	3.4436e+11
280	293	3.4538e+11	3.4544e+11
280	294	2.1826e+11	2.1829e+11
280	294	3.1025e+11	3.1027e+11
280	294	3.1151e+11	3.1154e+11
280	294	6.6732e+11	6.6734e+11
280	294	6.6961e+11	6.6963e+11
281	285	1.196e+11	1.1963e+11
281	290	1.2212e+11	1.2215e+11
281	290	4.1084e+11	4.1086e+11
281	292	1.861e+11	1.8612e+11
281	292	3.7995e+11	3.7998e+11
281	293	6.6668e+11	6.6671e+11
281	294	1.1745e+11	1.1748e+11
281	294	1.1766e+11	1.1768e+11
281	294	1.1889e+11	1.1891e+11
281	294	1.1896e+11	1.1898e+11
281	294	2.1703e+11	2.1706e+11
281	294	2.2342e+11	2.2344e+11
281	294	3.109e+11	3.1092e+11
281	294	3.1495e+11	3.1501e+11
281	294	3.1996e+11	3.2001e+11
281	294	3.7989e+11	3.7991e+11
281	294	4.09e+11	4.0903e+11
281	294	6.056e+11	6.0562e+11
281	294	6.0564e+11	6.0571e+11
281	294	6.667e+11	6.6677e+11
281	294	6.6718e+11	6.6733e+11
285	290	7.6902e+11	7.6906e+11
288	290	2.2689e+11	2.2691e+11
290	292	6.0531e+11	6.0538e+11
290	292	6.0544e+11	6.0547e+11
290	292	6.0569e+11	6.0572e+11
290	294	2.2753e+11	2.2777e+11
290	294	2.2779e+11	2.286e+11
290	294	2.2864e+11	2.2896e+11
290	294	2.29e+11	2.2936e+11
290	294	2.2941e+11	2.2974e+11
290	294	2.2977e+11	2.3011e+11
290	294	2.3014e+11	2.3047e+11
290	294	2.3049e+11	2.3083e+11
290	294	2.3084e+11	2.3121e+11
290	294	2.3122e+11	2.316e+11
290	294	2.3163e+11	2.3199e+11
290	294	2.3203e+11	2.3237e+11
290	294	2.3238e+11	2.3271e+11
290	294	2.3275e+11	2.3307e+11
290	294	2.3309e+11	2.3343e+11
290	294	2.3345e+11	2.3381e+11
290	294	2.3383e+11	2.3417e+11
290	294	2.342e+11	2.3455e+11
290	294	2.3458e+11	2.3491e+11
290	294	2.3493e+11	2.3527e+11
290	294	2.353e+11	2.3565e+11
290	294	2.3568e+11	2.3603e+11
290	294	2.3605e+11	2.3639e+11
290	294	2.3643e+11	2.3676e+11
290	294	2.3678e+11	2.3714e+11
290	294	2.3718e+11	2.3753e+11
290	294	2.3756e+11	2.379e+11
290	294	2.3793e+11	2.3827e+11
290	294	2.383e+11	2.3866e+11
290	294	2.3869e+11	2.3904e+11
290	294	2.3906e+11	2.394e+11
290	294	2.3941e+11	2.3976e+11
290	294	2.3978e+11	2.4013e+11
290	294	2.4016e+11	2.4052e+11
290	294	2.4056e+11	2.4088e+11
290	294	2.4092e+11	2.4125e+11
290	294	2.4128e+11	2.4162e+11
290	294	2.4165e+11	2.4199e+11
290	294	2.4202e+11	2.4236e+11
290	294	2.4239e+11	2.4274e+11
290	294	2.4276e+11	2.4311e+11
290	294	2.4314e+11	2.4349e+11
290	294	2.4351e+11	2.4385e+11
290	294	2.4387e+11	2.4422e+11
290	294	2.4424e+11	2.4457e+11
290	294	2.446e+11	2.4494e+11
290	294	2.4496e+11	2.453e+11
290	294	2.4532e+11	2.4565e+11
290	294	2.4568e+11	2.4641e+11
290	294	2.4643e+11	2.4679e+11
290	294	2.4681e+11	2.4715e+11
290	294	2.4718e+11	2.4752e+11
290	294	2.4755e+11	2.4789e+11
290	294	2.4791e+11	2.4825e+11
290	294	2.4827e+11	2.486e+11
290	294	2.4865e+11	2.4898e+11
290	294	2.4902e+11	2.4934e+11
290	294	2.4936e+11	2.4971e+11
290	294	2.4975e+11	2.5008e+11
290	294	2.5012e+11	2.5046e+11
290	294	2.5048e+11	2.5081e+11
290	294	2.5085e+11	2.5117e+11
290	294	2.5121e+11	2.5156e+11
290	294	2.5158e+11	2.519e+11
290	294	2.5193e+11	2.5229e+11
290	294	2.5233e+11	2.5267e+11
290	294	2.5269e+11	2.5304e+11
290	294	2.5305e+11	2.5339e+11
290	294	2.5341e+11	2.5373e+11
290	294	2.5377e+11	2.5411e+11
290	294	2.5414e+11	2.5447e+11
290	294	2.545e+11	2.5483e+11
290	294	2.5486e+11	2.5519e+11
290	294	2.5522e+11	2.5555e+11
290	294	2.5557e+11	2.5592e+11
290	294	2.5595e+11	2.5628e+11
290	294	2.5631e+11	2.5664e+11
290	294	2.5669e+11	2.5703e+11
290	294	2.5707e+11	2.5739e+11
290	294	2.5741e+11	2.5774e+11
290	294	2.5777e+11	2.581e+11
290	294	2.5814e+11	2.5844e+11
290	294	2.5847e+11	2.5881e+11
290	294	2.5883e+11	2.5919e+11
290	294	2.5921e+11	2.5957e+11
290	294	2.5961e+11	2.5995e+11
290	294	2.5998e+11	2.6033e+11
290	294	2.6035e+11	2.6069e+11
290	294	2.6072e+11	2.6107e+11
290	294	2.6109e+11	2.6143e+11
290	294	2.6146e+11	2.6179e+11
290	294	2.6181e+11	2.6215e+11
290	294	2.6218e+11	2.6253e+11
290	294	2.6255e+11	2.6323e+11
290	294	2.6325e+11	2.6359e+11
290	294	2.6362e+11	2.6394e+11
290	294	2.6398e+11	2.643e+11
290	294	2.6433e+11	2.6468e+11
290	294	2.647e+11	2.6502e+11
290	294	2.6505e+11	2.6541e+11
290	294	2.6543e+11	2.6575e+11
290	294	2.6579e+11	2.6615e+11
290	294	2.6617e+11	2.6651e+11
290	294	2.6653e+11	2.6684e+11
290	294	2.6686e+11	2.6721e+11
290	294	2.6726e+11	2.6759e+11
290	294	2.6763e+11	2.6795e+11
290	294	2.6797e+11	2.6833e+11
290	294	2.6835e+11	2.687e+11
290	294	2.6873e+11	2.6907e+11
290	294	2.691e+11	2.6945e+11
290	294	2.6947e+11	2.6983e+11
290	294	2.6985e+11	2.7018e+11
290	294	2.7021e+11	2.7056e+11
290	294	2.7059e+11	2.7094e+11
290	294	2.7096e+11	2.7131e+11
290	294	2.7134e+11	2.7169e+11
290	294	2.7173e+11	2.7205e+11
290	294	2.7209e+11	2.7241e+11
290	294	2.7245e+11	2.7316e+11
290	294	2.7319e+11	2.7351e+11
290	294	2.7354e+11	2.7387e+11
290	294	2.739e+11	2.7423e+11
290	294	2.7426e+11	2.7462e+11
290	294	2.7464e+11	2.7499e+11
290	294	2.7503e+11	2.7538e+11
290	294	2.754e+11	2.7574e+11
290	294	2.7576e+11	2.761e+11
290	294	2.7612e+11	2.7646e+11
290	294	2.7648e+11	2.7683e+11
290	294	2.7685e+11	2.7718e+11
290	294	2.7722e+11	2.7755e+11
290	294	2.7758e+11	2.7792e+11
290	294	2.7795e+11	2.7828e+11
290	294	2.7831e+11	2.7867e+11
290	294	2.7869e+11	2.7903e+11
290	294	2.7906e+11	2.7939e+11
290	294	2.7941e+11	2.7975e+11
290	294	2.7977e+11	2.8011e+11
290	294	2.8014e+11	2.8046e+11
290	294	2.805e+11	2.8087e+11
290	294	2.8088e+11	2.8123e+11
290	294	2.8125e+11	2.8159e+11
290	294	2.8161e+11	2.8195e+11
290	294	2.8199e+11	2.8232e+11
290	294	2.8234e+11	2.8269e+11
290	294	2.8272e+11	2.8306e+11
290	294	2.8308e+11	2.8342e+11
290	294	2.8345e+11	2.838e+11
290	294	2.8382e+11	2.8415e+11
290	294	2.8418e+11	2.8452e+11
290	294	2.8454e+11	2.8488e+11
290	294	2.8491e+11	2.851e+11
290	294	3.2173e+11	3.2176e+11
290	294	5.7069e+11	5.7071e+11
290	294	5.7078e+11	5.7081e+11
290	294	6.7214e+11	6.7216e+11
292	293	1.9099e+11	1.9101e+11
292	293	4.5357e+11	4.5359e+11
292	294	3.8123e+11	3.8125e+11
292	294	3.8133e+11	3.8136e+11
293	294	9.5261e+10	9.5301e+10
293	294	1.8889e+11	1.8892e+11
293	297	3.1995e+11	3.2e+11
293	297	4.1615e+11	4.1626e+11
293	297	4.201e+11	4.2012e+11
293	297	4.2027e+11	4.2029e+11
293	297	4.2076e+11	4.2078e+11
293	297	4.5265e+11	4.5267e+11
294	297	4.1594e+11	4.1596e+11
